world: 0874ba8e-e7c3-4f5c-aaa0-6370117d6c67
world-name: world_nether
x: -195.09859309609354
y: 69.0
z: -233.85623883848058
yaw: -93.08203125
pitch: 21.885501861572266
name: blaze
lastowner: 385dfcaa-5bce-3911-ac2c-8c1623b8d58d
