world: 0874ba8e-e7c3-4f5c-aaa0-6370117d6c67
world-name: world_nether
x: -183.28562258855143
y: 67.0
z: -234.2709371608056
yaw: 91.74459838867188
pitch: 5.969453811645508
name: blaze
lastowner: 385dfcaa-5bce-3911-ac2c-8c1623b8d58d
