world: d0570894-f3b8-476c-a330-3f7b8c124652
world-name: world
x: -644.2882644697636
y: 120.0
z: -910.401579928011
yaw: -59.955322265625
pitch: 14.247854232788086
name: dagevi
lastowner: 385dfcaa-5bce-3911-ac2c-8c1623b8d58d
