world: 64c1d56e-58ed-460f-936a-2b6a86b03cb7
world-name: world_the_end
x: -2.144064490355413
y: 65.0
z: -8.432917069102325
yaw: 14.673095703125
pitch: 14.399934768676758
name: end
lastowner: e55d90e9-7b00-3f06-9d8b-c1ab63ebacff
