world: 64c1d56e-58ed-460f-936a-2b6a86b03cb7
world-name: world_the_end
x: -12259.509312467855
y: 58.0
z: 5483.563349519586
yaw: -72.77525329589844
pitch: 34.34998321533203
name: end12k
lastowner: e55d90e9-7b00-3f06-9d8b-c1ab63ebacff
