world: d0570894-f3b8-476c-a330-3f7b8c124652
world-name: world
x: -633.3901981603038
y: 72.0
z: -811.4510867119321
yaw: 77.267822265625
pitch: 3.619813919067383
name: ev
lastowner: 906023bb-867d-3a16-b673-7c156972d310
