world: d0570894-f3b8-476c-a330-3f7b8c124652
world-name: world
x: -634.0008311726336
y: 71.9375
z: -811.6516263382682
yaw: 0.6065673828125
pitch: 7.322626113891602
name: ev
lastowner: 385dfcaa-5bce-3911-ac2c-8c1623b8d58d
