world: d0570894-f3b8-476c-a330-3f7b8c124652
world-name: world
x: -1341.2938226762983
y: 64.0
z: -1091.0285506336534
yaw: -99.33212280273438
pitch: 27.501861572265625
name: koy2
lastowner: 385dfcaa-5bce-3911-ac2c-8c1623b8d58d
