world: d0570894-f3b8-476c-a330-3f7b8c124652
world-name: world
x: -1480.2712367222452
y: -54.0
z: -850.5148461638696
yaw: -54.48895263671875
pitch: 11.847236633300781
name: magra2
lastowner: 385dfcaa-5bce-3911-ac2c-8c1623b8d58d
