world: d0570894-f3b8-476c-a330-3f7b8c124652
world-name: world
x: -527.6659848004236
y: -1.0
z: -1224.300000011921
yaw: -4.77740478515625
pitch: 11.700078964233398
name: magra
lastowner: 906023bb-867d-3a16-b673-7c156972d310
