world: d0570894-f3b8-476c-a330-3f7b8c124652
world-name: world
x: -609.4635039026903
y: 20.0
z: -803.6439885576151
yaw: -0.04644775390625
pitch: 20.21616554260254
name: mobasagi
lastowner: 385dfcaa-5bce-3911-ac2c-8c1623b8d58d
