world: d0570894-f3b8-476c-a330-3f7b8c124652
world-name: world
x: -610.3663094047453
y: -27.0
z: -806.6065412445716
yaw: 2.1117217540740967
pitch: 12.885566711425781
name: mobasagi
lastowner: 385dfcaa-5bce-3911-ac2c-8c1623b8d58d
