world: 0874ba8e-e7c3-4f5c-aaa0-6370117d6c67
world-name: world_nether
x: -91.42217317437505
y: 64.0
z: -94.1662187588913
yaw: 80.64532470703125
pitch: 32.600860595703125
name: nether
lastowner: 385dfcaa-5bce-3911-ac2c-8c1623b8d58d
