world: 0874ba8e-e7c3-4f5c-aaa0-6370117d6c67
world-name: world_nether
x: -62.94669928527537
y: 13.0
z: -107.43912193259686
yaw: -42.510986328125
pitch: 32.250308990478516
name: tntdupli
lastowner: e55d90e9-7b00-3f06-9d8b-c1ab63ebacff
