world: d0570894-f3b8-476c-a330-3f7b8c124652
world-name: world
x: -1000.6366480149975
y: 121.0
z: -1140.6837420924912
yaw: -155.52976989746094
pitch: 8.849709510803223
name: toki
lastowner: 906023bb-867d-3a16-b673-7c156972d310
