world: 64c1d56e-58ed-460f-936a-2b6a86b03cb7
world-name: world_the_end
x: -233.49610343369312
y: 1.0
z: -1.588842626226869
yaw: 88.865234375
pitch: 15.449978828430176
name: xp
lastowner: e55d90e9-7b00-3f06-9d8b-c1ab63ebacff
